1,-0.3922229411,0.4215409806,0.7421657458,0.0008649684,0.0533421005,0.6511667021,1
2,-0.3799252407,0.4519849552,0.7231783503,0.0005139488,0.0283957043,0.5274829998,1
3,-0.3669045625,0.4448951622,0.6943590031,0.0004748454,0.0256628873,0.5358815082,1
4,-0.3519008442,0.420033616,0.7006627101,0.0007590953,0.0516131706,0.5888297761,1
5,-0.332088793,0.4333316541,0.6954897563,0.0006411959,0.0362436525,0.5153936552,1
6,-0.3562746291,0.4272972817,0.7051819383,0.0006432488,0.0433013612,0.5793489755,1
1,-0.3950868967,0.4203949986,0.7262686297,0.0008561697,0.05274946,0.6436323338,2
4,-0.3527318305,0.4198085103,0.6937584312,0.0007574613,0.0515480902,0.5885383804,2
2,-0.380496492,0.4503883435,0.7215205474,0.0005127296,0.0284804897,0.526751679,2
3,-0.3669750283,0.4449244493,0.6936737288,0.0004748529,0.0256411077,0.5364917698,2
5,-0.3325949436,0.4335718469,0.6950437462,0.000640044,0.0361673288,0.5155316135,2
6,-0.3561158751,0.4275708198,0.7041085789,0.0006432965,0.0432935149,0.5804709683,2
1,-0.3441801224,0.27234589,0.4897852819,0.000523984,0.0355501417,0.3552280566,3
2,-0.3560323906,0.275993912,0.4553653367,0.0002974487,0.0282167434,0.3145702164,3
3,-0.3216985071,0.2975302336,0.4605940168,0.0002997155,0.0220928781,0.3360641902,3
4,-0.2938862791,0.2759607715,0.4844223622,0.0004108127,0.031107661,0.3095618443,3
5,-0.2847935612,0.288943082,0.4870818574,0.0003734355,0.0227072133,0.3110823587,3
6,-0.3221745131,0.2850778464,0.4993809638,0.0003570892,0.0353577084,0.3122287445,3
1,-0.3441801224,0.27234589,0.4897852819,0.000523984,0.0355501417,0.3552280566,4
2,-0.3560323906,0.275993912,0.4553653367,0.0002974487,0.0282167434,0.3145702164,4
4,-0.2938862791,0.2759607715,0.4844223622,0.0004108127,0.031107661,0.3095618443,4
3,-0.3216985071,0.2975302336,0.4605940168,0.0002997155,0.0220928781,0.3360641902,4
5,-0.2847935612,0.288943082,0.4870818574,0.0003734355,0.0227072133,0.3110823587,4
6,-0.3221745131,0.2850778464,0.4993809638,0.0003570892,0.0353577084,0.3122287445,4
1,-0.4064892477,0.4127033768,0.6889712436,0.0008456739,0.052702565,0.6241424079,5
4,-0.3565930062,0.4174920033,0.6802427601,0.0007507061,0.0513222744,0.5778304516,5
2,-0.4217455619,0.4173090346,0.6133014191,0.0004813258,0.0272819463,0.4853545526,5
5,-0.332088793,0.4333316541,0.6954897563,0.0006411959,0.0362436525,0.5153936552,5
3,-0.3894222821,0.429844634,0.6352989054,0.000456268,0.0249382487,0.5073472694,5
6,-0.3589656099,0.4259503002,0.6938824389,0.0006380541,0.0430489464,0.572523794,5
